-------[1]-------
14.648669105588494
-------[2]-------
7.906364324460704
6.742304781127791
-------[3]-------
5.45556326479122
4.8244607039233
4.368645136873975
-------[4]-------
4.163271098776334
3.74309322568437
3.5893465371515076
3.1529582439762835
-------[5]-------
3.262362810647155
3.1969219124511166
2.811120222025987
2.8518670367099785
2.5263971237542577
-------[6]-------
2.7835877381102563
2.6721332155922797
2.4507379841049577
2.3735650309070264
2.257569067743156
2.1110760691308186
-------[7]-------
2.4427273874101174
2.288223792102939
2.13800933518355
2.0169673268575754
2.0889050081998235
1.9177494638577015
1.7560867919767882
-------[8]-------
2.0928472309827173
2.070423867793617
1.9410558849501702
1.8020373407341996
1.7382364072158445
1.851110129935663
1.6135990917118708
1.5393591522644128
-------[9]-------
1.875520373407342
1.7741264034313107
1.8060741768638828
1.6106345401791347
1.5734830326731424
1.6401854421597073
1.5445628863378327
1.4723729027374794
1.3517093477986628
-------[10]-------
1.6649110634540178
1.5974517471931373
1.6650372145830705
1.5323893023842563
1.446795761322064
1.3641036962280813
1.5027437870568943
1.3489970985240318
1.299419704806358
1.2268197300365837
-------[11]-------
1.5320739245616248
1.4953639460073167
1.46477229721206
1.429292292166015
1.278983221899836
1.315030907026618
1.2991043269837266
1.3383373281190867
1.1826352970859089
1.1997603128548
1.1133152516715024
-------[12]-------
1.3722089062697111
1.411378831840545
1.380944871956604
1.2911883436356755
1.2559291030654725
1.194935032168538
1.1374416551028133
1.2377633404818973
1.2141100037845338
1.0418506370632017
1.0814620915857196
1.0294562886337832
-------[13]-------
1.2841238804087296
1.3285921533997729
1.2459000883057902
1.1654787435347547
1.2121546612842184
1.076321433076826
1.0896934527564022
1.063800933518355
1.209947016525798
1.044594424120096
1.0189226693578908
0.9638577015264287
0.9452819477734326
-------[14]-------
1.1866405954333292
1.2560867919767882
1.0647786047685126
1.2234451873344268
1.0964425381607166
1.0415667970228333
1.0376245742399395
0.979563517093478
1.0083890500819983
1.080705184811404
0.968304528825533
0.9490664816450107
0.8774441781253942
0.8786110760691308
-------[15]-------
1.1138198561877128
1.169515579664438
0.9790273747950045
1.1585404314368613
1.0348177116185189
1.0040683739119465
0.9177810016399647
0.965182288381481
0.9279361675286993
1.0111012993566293
0.9432319919263278
0.8975022076447584
0.8915415667970228
0.8125078844455658
0.8220953702535637
-------[16]-------
1.056515705815567
1.036489214078466
1.0019868802825784
1.0709284723098271
0.942885076321433
0.9959316260880535
0.8801879651822884
0.9221962911568059
0.8457802447331904
0.8930869181279173
0.9462596190235902
0.9036520751860729
0.7677557714141542
0.845717169168664
0.7607859215339977
0.7785101551658887
-------[17]-------
0.9981708086287372
0.9824334552794247
0.9642676926958497
0.9788066103191624
0.9240885580925949
0.9213447710357008
0.8735965686892898
0.784817711618519
0.8674782389302385
0.8192885076321433
0.835057398763719
0.8987006433707582
0.8179008452125647
0.752712249274631
0.7855115428283083
0.7101362432193769
0.734357259997477
-------[18]-------
0.9529456288633783
0.922858584584332
0.9078466002270721
0.8659959631638703
0.9737921029393213
0.8322820739245617
0.8468209915478744
0.7638135486312603
0.8401034439258231
0.7333795887473192
0.7652958243976283
0.874889617762079
0.7968651444430428
0.74769774189479
0.7130061814053236
0.7593667213321559
0.658067364702914
0.6936419830957488
-------[19]-------
0.9116626718809133
0.8378957991674025
0.9097388671628611
0.7844707960136243
0.9338337328119086
0.7917244859341491
0.8375804213447711
0.7634981708086287
0.688280560111013
0.7860792229090451
0.7361864513687397
0.7531853160085783
0.7939636684748328
0.8091333417434086
0.6513498170808629
0.6650372145830705
0.7062886337832723
0.6633341743408604
0.6254257600605525
